4
3
6.5
6
3.35
4
6.85
4
6.82
6
6.93505
7
6.9971
7.2301
7.08
7.015
7.0354
7.1499
7.1501
7.0047
7.0193
7.0358
7.0498
7.0799
7.1748
7.1381
7.19995
7.2001
7.1602
7.1397
7
7.08
7.1499
6.9895
7.0301
7.0945
7.1501
7.0305
7.0018
7.58
7.0709
7.0301
7.08
7.0501
7.04
7.05
7.13
7.2449
7.15005
7.16
7.12
7.15005
7.12
7.37
7.1397
7.2601
7.37
7.37
7.1501
7.6001
7.5952
7.1598
7.0043
6.9995
7.0351
7.1998
7.0005
6.9695
6.9559
7.0031
7.0209
7.0506
7.19995
7.1999
7.5498
7.5702
7.5502
6.9951
7.0498
7.0253
7.03
7.1497
7.2301
7.0251
7.16
7.19995
7.22
7.1077
7.1599
7.1376
7.15005
7.0503
7.0798
7.1503
7.05
7.19
7.16
7.0303
7.1303
7.2448
7.0501
7.1751
7.0608
7.0398
7.0901
7.0294
7.02
7.055
7.245
7.15
6.9999
6.97
7.06
7.13
7.13
7.22
7.21
7.3
7.25
7.0398
7.21
7.22
7.0848
7.1899
7.245
7.0275
7.05
7.0899
7.1003
7.0001
7.05
7.1302
7.1301
7.2548
7.2
7.21
7.15
7.245
7.156
7.11
7.465
7.41005
7.2149
7.15005
6.99995
7.2252
7.21005
7.2401
7.5508
7.4154
7.7125
7.0348
7.7125
7.72
7.6
7.0954
7.1149
7.251
7.055
7.1659
7.376
7.515
7.1737
7.4293
7.3348
7.3362
7.4216
7.04
7.1799
7.3303
8.2202
7.4495
7.3404
7.9
7.7451
7.55
7.9
7.7456
7.2697
7.27
7.6604
7.9449
7.2347
7.425
7.2765
7.1953
7.4922
7.2102
7.4298
7.0902
7.1449
7.195
7.2148
7.9449
7.4047
7.6999
7.8752
7.1953
8.0252
7.83
7.4049
7.4049
7.7125
7.205
7.8252
7.29
7.2051
7.4749
7.52
8.0851
7.1951
8.0501
7.7251
8.5001
7.9102
7.96
7.925
7.85
7.85
8.2452
7.9248
7.45
8.1753
7.7125
7.6751
7.4602
7.875
7.4797
7.3028
7.2501
7.5501
7.2352
7.6201
7.5501
7.3277
7.4749
7.19
7.8748
7.8752
8.1749
7.6699
7.1695
7.6125
7.1942
8.45
7.7448
7.6398
8.65
7.55
7.5749
6.9999
7.0042
7.1748
7.55
7.8751
7.8947
8.4752
7.34
7.4644
7.8953
8.4745
7.65
7.4797
7.65
7.1799
8.05
7.5254
7.7125
7.2601
8.2401
7.725
8.265
8.65
8.2851
7.87
7.0148
7.1974
7.235
7.65
7.5749
8.65
7.2501
7.7125
7.8
7.2499
7.2497
7.5753
7.41005
7.6
7.7125
7.1652
7.5002
7.5005
7.6872
7.6876
7.3648
7.6871
7.5003
7.2151
7.5873
7.2103
7.5253
7.22
7.2003
7.7251
7.465
7.3881
8.2603
7.65
7.145
8.6299
7.385
7.7249
7.289707196
7.4401
7.5253
7.5751
7.85
7.2746
7.0085
7.1599
7.5005
7.0509
7.3003
7.4749
7.9102
8.285
7.9252
8.5001
8.9752
7.55
7.71
7.69
7.53
7.73
7.71
7.15
7.65
7.7402
8.4752
7.065
7.4399
7.3454
7.8647
7.2001
7.8752
7.7253
7.8503
7.8001
7.688
7.6001
7.2902
8.0499
7.8899
7.8999
8.0499
7.6752
8.785
7.875
7.7999
7.8
7.22
6.965
7.5503
7.3872
6.9816
7.2901
7.7999
7.449
7.6874
7.6255
8.2599
7.7449
7.85
7.7248
7.7999
7.125
7.6344
7.55
7.6749
8.7849
7.15
7.53
7.25
7.65
7.575
7.215
7.475
7.385
7.635
7.385
7.635
7.195
7.195
7.15
7.685
7.525
7.285
7.815
7.675
7.29
7.855
7.6
7.6
7.875
7.9
7.22
7.25
8.05
7.285
7.415
7.67
7.9002
7.2503
6.9947
7.3396
7.5293
7.0749
7.065
7.6877
7.2299
7.195
7.6246
7.6503
7.2249
7.6875
7.725
7.33
7.875
7.28
7.2998
7.6496
7.3003
7.4499
7.66
8.5
7.6
7.45
7.55
7.5
7.61
7.17
7.44
7.65
7.18
7.18
7.43
7.24
7.88
7.2
7.65
7.58
7.68
7.3
8.61
7.3
7.65
7.8
8.03
7.65
8.85
7.29
7.29
7.88
7.72
7.24
7.29
8.09
7.85
7.19
7.68
7.29
7.29
7.68
7.88
7.88
7.25
7.68
7.25
7.25
7.74
7.9
7.73
7.9
7.71
7.74
7.73
7.3
7.73
7.46
7.68
7.48
8.65
7.42
7.29
7.42
7.24
7.26
7.29
7.33
8.03
8.03
7.64
7.1751
7.68
7.6125
6.9886
7.1004
7.3851
7.1449
7.6998
7.3393
7.2547
7.875
7.4747
7.255
7.8149
7.65
7.575
7.5751
7.3149
7.6872
7.7128
7.45
7.42
7.88
7.28
7.48
7.39
8.48
8.48
8.22
7.65
7.8
7.69
7.63
7.78
7.83
7.8
7.88
7.85
7.73
7.96
8.5
7.53
7.88
7.53
7.3
7.73
7.24
7.58
7.73
7.725
7.7123
8.3715
7.4149
7.2612
7.1049
7.1801
7.2903
7.0488
7.8748
7.1845
7.1849
7.3499
7.85
7.8496
7.2549
7.7249
7.7498
7.8101
7.8101
7.8102
7.8102
8.8999
8.2594
8.7749
8.285
8.0505
7.1704
7.1951
7.0547
7.5005
7.2454
8.2598
7.8248
7.2548
7.205
7.65
7.688
7.3
7.3527
7.7251
7.41
7.2849
7.8
7.2251
7.27
7.3521
8.68
7.625
7.65
7.4246
7.3166
7.645
8.0244
7.3927
7.3942
7.7249
7.55
7.1849
7.1848
7.1599
7.8752
8.4752
7.2696
7.2901
7.4247
7.7152
7.7151
7.925
7.9
8.65
7.2898
7.225
7.8998
7.89
7.4148
7.3
7.3848
7.75
7.75
7.8749
7.8751
7.7447
7.2501
7.295
7.7398
7.5002
7.0509
7.6877
7.18
7.3656
7.4493
7.6499
7.6497
7.5499
7.8001
7.7252
7.5247
7.725
7.7249
7.5503
7.2801
7.475
7.7
7.9001
7.7123
7.745
7.7126
7.7125
7.2402
7.815
8.05
7.875
7.9
7.8498
8.9602
7.33
8.18
7.68
7.96
8.31
7.65
7.68
7.64
7.87
8.48
8.48
7.58
8.03
7.23
7.9
8.03
7.9
7.71
7.65
7.27
8.05
7.2649
7.1978
7.3321
7.2803
7.4402
7.71
7.16
7.16
7.53
7.29
7.77
7.89
7.6
7.88
8.65
7.9
7.9
7.3
7.15
7.67
7.88
7.3651
7.2
7.2
7.55
8.085
7.28
7.4746
7.1442
7.113
7.2
7.6849
7.2347
7.4293
7.4692
7.1702
7.213
7.1496
7.27
7.5226
7.6098
7.3001
7.25
7.8299
7.2876
7.13
7.685
8.25
7.78
7.46
7.275
7.3626
7.185
7.1153
7.47
6
6.929
6.9492
6.9328
6.91995
6.44585
7.0148
7.042
6.974
6.8992
7.036
6.8697
6.8648
7
6.86
7.174
7.0483
6.984
6.97955
6.95
6.98
6.85
6.85
6.85005
6.85
6.8601
6.8514
6.85
6.8439
6.85
6.85
6.85
6.85
6.85
6.85
6.85
6.85
6.85
6.8514
6.8
6.87
6.85
6.8622
6.8512
6.945
6.85
6.8552
6.94
6.8622
6.95
6.8598
6.8502
6.7815
6.845
6.9502
6.8207
6.9502
6.85
6.8506
